10
100 6
-34 -15 -87 -69 87 37 89 5 4 -57 -3 92 -22 -43 -61 78 0 -82 -99 -89 53 48 36 7 17 21 80 94 23 -33 17 31 -9 -56 69 -95 71 -69 -1 52 -40 -43 91 -27 78 50 24 -13 99 94 15 -42 -37 -98 39 13 -28 -4 -46 -38 -95 21 26 58 -56 45 46 -11 -3 -25 16 -74 96 67 13 -19 50 32 79 53 -95 7 -37 76 84 -83 92 -96 39 -35 73 64 -51 -51 39 65 2 -79 -47 -84
100 32
-53 27 19 -81 -68 -39 -38 94 80 86 52 -98 -10 -79 66 25 78 -66 -48 -72 86 59 0 -97 3 -51 -98 -54 -6 3 -84 97 -33 -60 -14 -97 97 29 -13 -34 14 -75 -86 26 16 -69 9 15 -33 76 -13 0 86 -63 8 -16 -82 40 26 65 99 46 53 3 42 34 -10 69 15 96 82 -51 61 -37 -61 81 88 -20 -93 28 -8 42 96 -66 0 -87 32 50 -33 -80 93 -54 44 -23 51 -73 -65 81 -83 -77
100 36
-46 -72 -40 -23 -57 93 -81 14 -71 96 83 67 0 -74 -33 57 49 -23 92 -29 -35 40 43 -39 25 53 52 57 87 -40 -26 -5 -78 69 27 20 -21 83 67 -82 11 -53 -8 68 -98 68 9 -3 -54 -57 -23 -96 42 12 -55 -54 34 -81 73 -38 -13 99 84 -61 80 -23 0 0 52 4 -59 25 17 36 60 14 -37 -48 -20 -63 32 4 -58 27 68 -69 41 74 5 1 -89 -90 32 99 0 57 48 -17 -69 -69
100 39
70 -92 42 33 -43 50 -85 20 40 47 -83 -94 30 -63 20 38 92 22 85 94 8 2 -84 87 -57 -2 48 86 40 -51 56 -54 72 82 -88 37 -20 -94 -14 82 -69 15 -84 -99 54 36 92 58 23 -21 -69 60 2 -47 89 -39 17 75 -11 78 -77 76 -61 33 27 99 -16 39 67 86 67 -66 35 -37 19 -12 34 17 -74 31 8 51 -42 47 -76 69 -63 -31 -80 97 88 -96 1 69 16 82 -82 -2 -23 -90
100 52
99 -29 28 -99 89 -76 -66 84 59 76 71 -38 84 -90 -75 81 50 28 64 -58 -44 69 -77 -57 42 72 -95 65 49 -67 58 -2 63 38 -14 33 30 69 -59 -95 -13 -18 29 -92 -43 7 -13 13 96 -56 99 -69 -95 89 69 8 4 95 -14 -64 -51 10 38 -93 26 -45 -94 6 -56 -95 84 -60 82 -73 95 5 66 -63 90 90 61 -93 -1 -44 51 -88 -47 75 -56 29 -42 49 1 64 -72 -11 -42 40 59 58
100 11
-75 24 50 -85 -19 -55 24 -96 -44 -30 -46 70 45 52 86 5 -44 21 -7 0 29 -58 -79 -72 -10 4 40 2 85 46 -4 -37 -33 48 69 71 8 -56 -88 62 -83 59 -45 61 72 -57 -11 30 57 37 78 28 41 25 65 -33 58 23 -10 -89 -44 12 -93 0 20 -28 49 37 41 24 54 -58 54 -19 18 99 -6 -18 -5 1 -11 -28 86 -55 -83 -89 -89 -53 -80 11 -84 -14 -26 42 7 61 25 -31 -10 94
100 95
-58 37 -15 -17 98 80 -6 35 23 -52 9 -25 56 -71 80 85 -89 44 88 -70 41 79 18 38 50 84 -88 -35 24 98 13 -47 62 10 57 40 -86 -99 89 -46 -84 50 43 68 -92 76 -53 -63 -19 -69 -9 -80 -32 0 20 13 29 28 50 44 18 4 47 -39 -93 -48 70 50 -59 29 -48 88 -6 54 69 3 -70 -11 -26 -40 -64 26 16 41 -78 59 65 -4 -67 32 8 -76 94 -51 42 44 80 93 -98 28
100 77
26 58 -58 81 28 74 14 62 -56 35 -34 -60 -7 64 -55 -37 -42 83 68 46 -37 -59 -87 -42 -75 -10 86 97 -17 -28 17 58 -66 -59 9 -35 30 -2 -16 13 74 -6 94 -6 -17 39 52 -93 42 5 13 2 87 61 1 48 -50 39 9 -11 80 12 52 -3 61 50 -52 -71 57 48 11 37 -54 -61 -74 42 26 39 64 25 -2 -4 80 -46 60 0 -42 88 19 -12 -25 48 -60 -82 29 -2 -86 37 -34 9
100 47
-25 -57 -70 85 83 -64 52 -68 32 -30 -66 -4 -71 94 -75 -38 7 -73 -57 -93 50 -78 60 -31 26 -11 98 77 -60 -90 -79 87 79 -63 24 -28 66 -29 -58 71 73 -29 3 45 -82 3 -68 47 55 36 -71 -58 76 -17 99 70 27 -96 10 98 82 -53 47 54 -14 -86 60 28 83 -22 37 7 -96 -47 49 -50 -2 -38 55 5 -35 -11 -88 -83 -36 -58 2 -91 20 8 88 57 61 -40 40 -41 -41 -23 -44 52
100 34
-70 -50 0 80 80 31 -99 -63 -19 -12 54 -69 -62 87 -96 54 29 38 -96 55 -8 0 -18 -78 -28 35 8 -17 85 -69 -7 -99 79 -18 -7 -56 -12 74 76 19 46 -39 12 28 -65 -30 72 -61 -18 -83 -56 -44 -52 51 26 -84 30 -79 84 -91 -9 -74 -2 -37 66 1 11 -43 -67 -43 -22 17 7 98 -8 -93 -62 -50 54 -40 59 -46 -38 38 -89 50 -14 -67 -16 -65 6 41 25 -88 -31 51 69 -13 -91 16